# inspirehep.net/record/1231945
# Ntrk low, Ntrk high, <Ntrk>, v24, stat.err, sys.err
 50    60     54.33   0.03913   0.004262   0.004187
 60    80     68.63   0.04832   0.001496   0.003093
 80    100    88.39   0.04941   0.001351   0.003162
 100   120    108.2   0.04822   0.001599   0.001977
 120   150    131.3   0.04955   0.0003922  0.002032
 150   185    162.1   0.049     0.0003065  0.002009
 185   220    196.6   0.04805   0.0002939  0.00197
 220   240    227.5   0.04709   0.0004568  0.002637
