# inspirehep.net/record/1231945
# Ntrk low, Ntrk high, <Ntrk>, v32, stat.err, sys.err
50    60    54.33   0.004507   0.002763     0.0001758
60    80    68.63   0.009104   0.0009177    0.000355
80    100   88.39   0.01335    0.0006602    0.0005208
100   120   108.2   0.01606    0.000651     0.0006264
120   150   131.3   0.01767    0.0001609    0.0006893
150   185   162.1   0.02009    0.0001087    0.0007834
185   220   196.6   0.0219     8.923e-05    0.000854
220   260   227.5   0.02328    0.0001385    0.00128
