# inspirehep.net/record/1231945
# Ntrk low, Ntrk high, <Ntrk>, v22, stat.err, sys.err  
50    60    54.33   0.05814   0.0002135   0.002267
60    80    68.63   0.06038   0.0001381   0.002355
80    100   88.39   0.0629    0.0001397   0.002453
100   120   108.2   0.06421   0.0001624   0.002504
120   150   131.3   0.06633   4.268e-05   0.002587
150   185   162.1   0.06777   3.212e-05   0.002643
185   220   196.6   0.06887   2.831e-05   0.002686
220   240   227.5   0.06927   4.645e-05   0.00381 
240   260   247.2   0.0697    8.416e-05   0.003833
260   280   267.1   0.06977   0.0001636   0.005163
280   300   287.0   0.06896   0.0003366   0.005103
300   325   306.8   0.06706   0.000741    0.004962
325   350   328.6   0.06621   0.00147     0.0049  
