# inspirehep.net/record/1231945
# Ntrk low, Ntrk high, <Ntrk>, v22, stat.err, sys.err  
50    60    54.33   0.04683   0.0003991   0.001825999484
60    80    68.63   0.05128   0.0002845   0.00200007287181
80    100   88.39   0.05569   0.0002399   0.00217182146264
100   120   108.2   0.05821   0.0002327   0.00227001775424
120   150   131.3   0.06133   0.0001310   0.00239199020051
150   185   162.1   0.06364   0.0001061   0.00248193182824
185   220   196.6   0.06537   8.969e-05   0.00254949644257
220   240   227.5   0.06618   8.881e-05   0.00364004330879
240   260   247.2   0.06684   0.0001114   0.0036757205165
260   280   267.1   0.06707   0.0001821   0.00496319922603
280   300   287.0   0.0664    0.0003550   0.00491356148492
300   320   306.8   0.06455   0.0007721   0.00477627646883
320   350   328.6   0.06365   0.0015300   0.00471054221417
