# inspirehep.net/record/1231945
# Ntrk low, Ntrk high, <Ntrk>, v32, stat.err, sys.err
50    60    54.33   0.01004   0.0018670  0.000391620146439
60    80    68.63   0.01232   0.0011870  0.000480404217926
80    100   88.39   0.01537   0.0008714  0.000599602696629
100   120   108.2   0.01754   0.0007741  0.000684125529265
120   150   131.3   0.01886   0.0004271  0.000735721448783
150   185   162.1   0.02098   0.0003224  0.000818105126929
185   220   196.6   0.02261   0.0002598  0.000881686757991
220   240   227.5   0.02388   0.0002467  0.00131298969072
240   260   247.2   0.02439   0.0003061  0.00134124538591
260   280   267.1   0.02526   0.0004845  0.00187001534733
280   300   287.0   0.02683   0.0008812  0.00198556233422
300   320   306.8   0.02448   0.0020390  0.00181103080766
320   350   328.6   0.02233   0.0043660  0.00165274747938
